#BVGraph properties
#Sat Oct 22 22:14:28 CEST 2022
bitsforreferences=2092739
avgbitsforintervals=1.338
graphclass=it.unimi.dsi.webgraph.BVGraph
avgdist=0.131
successoravggap=284653.925
residualexpstats=839521,203295,84342,62033,44430,35208,34283,45789,62053,84338,106195,133786,164275,199838,228035,233032,241074,248774,255048,253771,306704,190675,2809
arcs=5520814
minintervallength=4
bitsforoutdegrees=6669353
residualavgloggap=11.570290132195996
avgbitsforoutdegrees=2.612
bitsforresiduals=68935043
successoravgloggap=9.290282035524882
maxrefcount=3
successorexpstats=2091195,191899,83478,61263,46852,40145,41224,53212,69870,94730,120732,150480,179635,215238,245878,248733,255402,261291,267899,264134,321001,200632,3104
residualarcs=4072006
avgbitsforresiduals=27.003
avgbitsforblocks=0.17
windowsize=7
residualavggap=367935.096
copiedarcs=368075
avgbitsforreferences=0.82
version=0
compratio=0.683
bitsperlink=14.771
compressionflags=
nodes=2552905
avgref=0.081
zetak=3
bitsforintervals=3416876
intervalisedarcs=1080733
bitspernode=31.944
bitsforblocks=434993
