#BVGraph properties
#Fri Oct 14 15:15:42 CEST 2022
bitsforreferences=422261
avgbitsforintervals=0.682
graphclass=it.unimi.dsi.webgraph.BVGraph
avgdist=0.588
successoravggap=33794.665
residualexpstats=71374,25101,9736,5889,6247,8454,9472,9387,9514,10856,13878,17228,20889,23459,28326,30922,27340,17944,6961,77
arcs=457174
minintervallength=4
bitsforoutdegrees=816989
residualavgloggap=9.299096062068655
avgbitsforoutdegrees=2.869
bitsforresiduals=4927984
successoravgloggap=9.37005282468395
maxrefcount=3
successorexpstats=93343,27241,10303,6755,7987,11056,13698,13371,13644,15584,19051,24661,31382,28863,36526,37372,32056,22742,10997,101
residualarcs=353416
avgbitsforresiduals=17.305
avgbitsforblocks=0.436
windowsize=7
residualavggap=33240.114
copiedarcs=101548
avgbitsforreferences=1.483
version=0
compratio=0.751
bitsperlink=14.186
compressionflags=
nodes=284773
avgref=0.444
zetak=3
bitsforintervals=194288
intervalisedarcs=2210
bitspernode=22.775
bitsforblocks=124044
