#BVGraph properties
#Tue Oct 18 18:14:19 CEST 2022
bitsforreferences=385504
avgbitsforintervals=0.593
graphclass=it.unimi.dsi.webgraph.BVGraph
avgdist=0.316
successoravggap=27576.757
residualexpstats=87058,33274,23000,12153,10509,12224,12791,12047,11851,13596,17320,22072,25546,30245,36667,39258,35325,23594,9101,321
arcs=651387
minintervallength=4
bitsforoutdegrees=946664
residualavgloggap=9.13046178667442
avgbitsforoutdegrees=2.286
bitsforresiduals=6412552
successoravgloggap=8.044917249654723
maxrefcount=3
successorexpstats=219542,14462,19575,11249,11161,13993,16598,15738,16154,19994,27064,33021,33266,35161,42146,43798,39634,27012,10890,597
residualarcs=468260
avgbitsforresiduals=15.487
avgbitsforblocks=0.487
windowsize=7
residualavggap=32943.262
copiedarcs=61066
avgbitsforreferences=0.931
version=0
compratio=0.647
bitsperlink=12.576
compressionflags=
nodes=414068
avgref=0.222
zetak=3
bitsforintervals=245668
intervalisedarcs=122061
bitspernode=19.784
bitsforblocks=201486
