#BVGraph properties
#Sat Oct 22 19:05:23 CEST 2022
bitsforreferences=1699129
avgbitsforintervals=1.487
graphclass=it.unimi.dsi.webgraph.BVGraph
avgdist=0.104
successoravggap=248167.192
residualexpstats=732163,168085,62241,50007,34416,23414,22137,34261,51471,72626,92121,115522,142331,175882,204981,215391,233976,259441,248875,224580,236206,131112,5
arcs=4823310
minintervallength=4
bitsforoutdegrees=5641824
residualavgloggap=11.672884664827906
avgbitsforoutdegrees=2.67
bitsforresiduals=60459265
successoravgloggap=9.25378309900208
maxrefcount=3
successorexpstats=1858118,174613,64998,49891,36066,26657,25412,38067,55227,77175,97216,121780,152085,187223,218982,229292,248822,276195,263380,231372,242820,135816,5
residualarcs=3543568
avgbitsforresiduals=28.614
avgbitsforblocks=0.128
windowsize=7
residualavggap=326152.812
copiedarcs=314127
avgbitsforreferences=0.804
version=0
compratio=0.694
bitsperlink=14.764
compressionflags=
nodes=2112902
avgref=0.059
zetak=3
bitsforintervals=3141391
intervalisedarcs=965615
bitspernode=33.703
bitsforblocks=269779
