#BVGraph properties
#Thu Oct 13 14:16:52 CEST 2022
bitsforreferences=385740
avgbitsforintervals=0.835
graphclass=it.unimi.dsi.webgraph.BVGraph
avgdist=0.445
successoravggap=32426.978
residualexpstats=87278,32310,23197,12595,10674,12268,12785,12068,11929,13719,17534,22315,25881,30678,37093,39825,34736,22193,8590,234
arcs=531280
minintervallength=4
bitsforoutdegrees=826646
residualavgloggap=9.106260290309587
avgbitsforoutdegrees=2.81
bitsforresiduals=6397905
successoravgloggap=9.592971134898654
maxrefcount=3
successorexpstats=99734,13490,19801,11686,11338,14030,16643,15855,16471,20528,28245,34065,33604,34430,41716,44685,38678,25135,10321,493
residualarcs=468213
avgbitsforresiduals=21.751
avgbitsforblocks=0.686
windowsize=7
residualavggap=31758.988
copiedarcs=61019
avgbitsforreferences=1.311
version=0
compratio=0.809
bitsperlink=15.166
compressionflags=
nodes=294148
avgref=0.313
zetak=3
bitsforintervals=245567
intervalisedarcs=2048
bitspernode=27.393
bitsforblocks=201743
