#BVGraph properties
#Wed Oct 12 14:34:14 CEST 2022
bitsforreferences=385639
avgbitsforintervals=0.836
graphclass=it.unimi.dsi.webgraph.BVGraph
avgdist=0.445
successoravggap=32426.485
residualexpstats=86862,32345,23621,12542,10635,12272,12790,12056,11916,13730,17510,22293,25865,30685,37105,39819,34764,22211,8589,234
arcs=531280
minintervallength=4
bitsforoutdegrees=826646
residualavgloggap=9.10868431421256
avgbitsforoutdegrees=2.81
bitsforresiduals=6397435
successoravgloggap=9.593538910900335
maxrefcount=3
successorexpstats=99347,13558,20245,11615,11296,14040,16647,15843,16468,20538,28237,34057,33603,34431,41715,44684,38677,25135,10321,493
residualarcs=468134
avgbitsforresiduals=21.749
avgbitsforblocks=0.682
windowsize=7
residualavggap=31775.288
copiedarcs=61047
avgbitsforreferences=1.311
version=0
compratio=0.808
bitsperlink=15.164
compressionflags=
nodes=294148
avgref=0.313
zetak=3
bitsforintervals=246007
intervalisedarcs=2099
bitspernode=27.389
bitsforblocks=200620
