#BVGraph properties
#Fri Oct 14 19:41:23 CEST 2022
bitsforreferences=385743
avgbitsforintervals=0.835
graphclass=it.unimi.dsi.webgraph.BVGraph
avgdist=0.445
successoravggap=32940.369
residualexpstats=87301,32301,23197,12591,10666,12274,12770,12044,11893,13627,17393,22161,25753,30650,37133,39815,34964,22524,8665,234
arcs=531350
minintervallength=4
bitsforoutdegrees=826712
residualavgloggap=9.115193905820158
avgbitsforoutdegrees=2.811
bitsforresiduals=6403914
successoravgloggap=9.622451055822445
maxrefcount=3
successorexpstats=99772,13486,19800,11683,11329,14040,16591,15735,16195,20030,27119,33089,33460,35554,42632,44370,39273,25933,10435,493
residualarcs=468266
avgbitsforresiduals=21.771
avgbitsforblocks=0.686
windowsize=7
residualavggap=32002.276
copiedarcs=61016
avgbitsforreferences=1.311
version=0
compratio=0.809
bitsperlink=15.176
compressionflags=
nodes=294148
avgref=0.313
zetak=3
bitsforintervals=245744
intervalisedarcs=2068
bitspernode=27.414
bitsforblocks=201736
