#BVGraph properties
#Mon Oct 17 16:51:06 CEST 2022
bitsforreferences=385535
avgbitsforintervals=0.835
graphclass=it.unimi.dsi.webgraph.BVGraph
avgdist=0.445
successoravggap=32940.150
residualexpstats=87271,33014,23110,12162,10559,12242,12795,12053,11874,13628,17375,22147,25741,30622,37138,39810,34964,22533,8662,234
arcs=531353
minintervallength=4
bitsforoutdegrees=826713
residualavgloggap=9.111520264211823
avgbitsforoutdegrees=2.811
bitsforresiduals=6401163
successoravgloggap=9.620116819495088
maxrefcount=3
successorexpstats=99733,14185,19695,11262,11215,14008,16606,15750,16179,20031,27119,33091,33459,35552,42634,44370,39273,25933,10435,493
residualarcs=468238
avgbitsforresiduals=21.762
avgbitsforblocks=0.686
windowsize=7
residualavggap=32003.713
copiedarcs=61078
avgbitsforreferences=1.311
version=0
compratio=0.809
bitsperlink=15.17
compressionflags=
nodes=294149
avgref=0.313
zetak=3
bitsforintervals=245588
intervalisedarcs=2037
bitspernode=27.404
bitsforblocks=201889
