#BVGraph properties
#Mon Oct 17 17:10:10 CEST 2022
bitsforreferences=385530
avgbitsforintervals=0.593
graphclass=it.unimi.dsi.webgraph.BVGraph
avgdist=0.316
successoravggap=27577.167
residualexpstats=87214,32980,23097,12150,10559,12227,12784,12042,11859,13599,17323,22074,25560,30240,36660,39256,35318,23584,9102,321
arcs=651387
minintervallength=4
bitsforoutdegrees=946664
residualavgloggap=9.130291907741311
avgbitsforoutdegrees=2.286
bitsforresiduals=6412391
successoravgloggap=8.045080887337624
maxrefcount=3
successorexpstats=219701,14148,19682,11250,11215,13990,16592,15730,16162,19995,27064,33020,33267,35160,42146,43799,39634,27011,10891,597
residualarcs=468258
avgbitsforresiduals=15.486
avgbitsforblocks=0.488
windowsize=7
residualavggap=32938.150
copiedarcs=61066
avgbitsforreferences=0.931
version=0
compratio=0.647
bitsperlink=12.576
compressionflags=
nodes=414068
avgref=0.222
zetak=3
bitsforintervals=245623
intervalisedarcs=122063
bitspernode=19.784
bitsforblocks=201868
