#BVGraph properties
#Sat Oct 22 19:28:21 CEST 2022
bitsforreferences=1701313
avgbitsforintervals=1.475
graphclass=it.unimi.dsi.webgraph.BVGraph
avgdist=0.095
successoravggap=247107.262
residualexpstats=754010,169759,62038,49685,34145,23194,22083,34158,51410,72825,92561,117575,146139,180457,208688,217118,233650,254999,248891,224514,236676,131782,40
arcs=4846003
minintervallength=4
bitsforoutdegrees=5708677
residualavgloggap=11.608531180430846
avgbitsforoutdegrees=2.665
bitsforresiduals=60762034
successoravgloggap=9.217824380986919
maxrefcount=3
successorexpstats=1873778,177148,64625,49856,36001,26458,25453,38027,55206,77218,97953,124396,155456,192415,222782,230863,246455,267345,260890,231341,243298,136499,40
residualarcs=3578822
avgbitsforresiduals=28.361
avgbitsforblocks=0.111
windowsize=7
residualavggap=323605.011
copiedarcs=308065
avgbitsforreferences=0.794
version=0
compratio=0.694
bitsperlink=14.769
compressionflags=
nodes=2142413
avgref=0.053
zetak=3
bitsforintervals=3160538
intervalisedarcs=959116
bitspernode=33.406
bitsforblocks=237597
