#BVGraph properties
#Wed Oct 19 10:57:45 CEST 2022
bitsforreferences=516255
avgbitsforintervals=0.719
graphclass=it.unimi.dsi.webgraph.BVGraph
avgdist=0.464
successoravggap=105960.056
residualexpstats=95748,31224,22557,11920,10766,13148,14806,13769,13963,15147,18776,24512,26978,31855,37035,38694,32939,20571,13976,46396
arcs=620560
minintervallength=4
bitsforoutdegrees=1085719
residualavgloggap=9.951141793035443
avgbitsforoutdegrees=2.608
bitsforresiduals=7935961
successoravgloggap=10.414579742512542
maxrefcount=3
successorexpstats=111040,12312,19429,11384,11992,15714,20108,18689,19472,22676,29246,36172,34748,36851,42011,43639,35512,23009,15948,60275
residualarcs=535094
avgbitsforresiduals=19.066
avgbitsforblocks=0.537
windowsize=7
residualavggap=98659.130
copiedarcs=83223
avgbitsforreferences=1.24
version=0
compratio=0.83
bitsperlink=16.212
compressionflags=
nodes=416235
avgref=0.292
zetak=3
bitsforintervals=299092
intervalisedarcs=2243
bitspernode=24.171
bitsforblocks=223687
